2167953894875042902
891545559712135516
15796329797054774206
13734366185008353258
13276872672637847905
9266107946909506041
17421098146767009601
9122226235357736339
11464928657206106568
3043764913277774275
4662022298157840049
17721071021329108303
13445950053879380242
6647121890369592615
13908163586276628817
15742487100112881035
12875145845224182136
657977631849146316
3454981375601811818
16040327753726400537
16844472084531673639
13484943073594523377
17149559193688332771
17097109218410507830
16152541389448478467
3077962746340238033
7669867649202134798
3118359226668771261
3048852624716800268
289001179096151756
17912814998903790166
706930532358146050
10318021934214514456
14346826803654522880
1207792029203427927
7962248051075974753
10167803692174424251
12578471182078140431
10224064737637464730
16068429971873067644
369922857914623117
12980720345521332644
13730454478317230121
1896953519442884077
10627941807571108077
7421316198716293484
8704813062632079192
13594154077026975781
7041862333206439398
2919029835137909955
9052169884224430719
4907758308870034735
10798094419674878181
1795544088442892649
13193948271644918817
3661155544436269701
8031394445850506603
11259691161800744167
17847573103325715711
9915234111498827078
12055802304417906419
11234869689097293362
2773932514476053981
1170966528685870753
15569628841058356419
5671138047049435152
5355367907111358188
2195429665874277333
17395574058585021404
692707781401209124
5602998131514732278
1723191552626227017
18057111119105248504
1786668857590958936
15777348768673704215
11591756821488794632
2594109557807851832
5186172733257757883
5427780747330328391
8919506660984131915
1830252983158431235
13190808511390374672
8550198809240436455
17857961414605227537
17463624107873331006
6795682899899287845
2484961865300658005
17388560482642076557
10911519958080668607
1064165438243507583
14924152895233345093
10521296997818618010
7318466131642082327
14552695609795515535
15924780158203419932
18007083207442430200
13960575820123896823
9224027568485678815
11646224402402208217
18246211762275727136
10226162362993864614
5075610505589546219
9502539450080704934
10394190529784688978
7043570793187105003
14692209548356734841
3728582094137576807
13831665242504572589
17630242017270285646
3622164237528130717
9119569199261635759
5507036129711914298
4772046687803515513
1675712056848181661
3238177822048909904
6052665813846286004
259555685619739268
9496394721784180195
16443359992227832212
5838187905818999446
1590180568422757796
16085337928397100062
9650935801787362528
2792354920262949634
9626692828245774989
12555003463734549512
18352253288053673199
16222167634519390830
12496258467217543325
6926645496368824041
2477397286184973227
8513741272716404524
17680609551839693214
3042179567702048814
9489762974770607622
377771609364165072
15239748781001931427
4191402997383603320
16285059094379217342
17845080214368631229
6001678601665736598
1986590681428254363
10544092637209895672
17183440712140947745
1771124799101981318
12485728349262305142
17026228272807602682
15068618015101801688
15847701178600914171
18250211679036682455
14781437403016646437
7261833994438620594
1032040251442922335
13978325899839078907
4518756919705194558
10958028171905615510
13189796553551806041
12923785517284119056
16334238895400754197
17338951256858811626
13652130443508030591
3528720784071503822
12039140491714044268
3993103030445088874
8150448817043349958
4393392610434139295
14505138080761822830
17745870732666441521
249889603592498502
5880295369713467392
17888026980635985526
14190083531372288022
16682205910783650627
17807659346108850131
12160057483888045636
16627231115746706382
13317226083004437393
9397336578591363019
4667779659041327188
14653302149498352620
2161262509385023587
4705623634858632130
3389397831520105744
15704645399837252670
10252080654071636000
12725198227310682803
14197276314764200986
11869743771287350358
18405812990318357756
16653516125453362660
8403099359403972488
13622941587637752271
15397760832332810515
1872746684331465515
2424051211464757396
13419299331111206509
6662298556176467674
11994017106764920081
13766683261517922099
4982592277329582601
17702059291768391282
1410205651497123164
17192054266082359943
4350363864907153191
15225180909554187272
9668492600892335121
8502901742319061311
8890408610402564236
12265604430017252793
16675729766294754842
3518769911955944428
5500861505643745230
10313597997120795804
388171925485121499
8260568041362866526
10284592006355179077
7698241474407232102
8277545529353883237
3053835501810298723
950645836795507006
2225619508633030304
13897131026325682490
1706993537121705101
2684876565101719253
15943998034648726784
2773948441265667014
12757256703454389166
14105843530977237664
8763004757413421907
3138417094652013457
4260599106714641918
12517024915914356723
3881258864497578139
963492584581631120
10588971089210221042
2131241329639994408
7957348521986718686
10980097037993761460
17409852741748353958
11750780163143938342
17334937030513210970
13272221792120348649
11199729750082331515
12226053937148650840
12122300746088311993
5115561178034757035
4391173763360795293
12112533090249442254
8289197268855783150
13218828078589919319
12750424035563808666
17770481669011741230
3486541144453875016
5748504504410654942
11368585442080130846
9984657024678147336
12050064592553954606
1078955442724331521
282086733281118934
15793058430047260594
4903673556689440259
8280333037425099216
8928839984450401265
15589993545095546731
16877333801731361988
8904267954542483114
5376413414653051897
2861044117747035930
8090615511322583090
9113032071233277485
6762024041818055957
16219538155427404744
7410490240313487190
10897884331610179282
6046323156700775101
15090846512644283731
12323929558159166958
8902293800012501583
17446773579383610094
14082797734885298897
3842413522527604072
6592806853200202512
16883437493288056880
3024396804246243566
17442158384258812521
1216435770207580552
6926327695134817054
16107594592789666443
10622873417318590748
9695182929664537106
12176629877494508330
4994434053513152965
2473196636275796526
1001751527546761006
9311642181378603843
13404650297009500539
6179211805478199307
15520140827424220210
8642456030532464689
15413013947715436166
4775202026831546591
3923363706953165939
14395686543742748164
8108487663808385953
5059418419751254064
524514758263711565
3181334702844013566
15169064156567127679
18209598500621023149
2278950601398280812
12285941912523923531
5030900175942245955
2524224351903446865
7730200095922449791
5823695188066865399
9636591913943092978
1312424045006922969
5410791859844839429
6105953637277742963
11568783688764320621
17819889435198386367
14264625295099020292
1515571346861626361
12418567733097416114
10398188020839074158
5389738292085709673
17696176770771836936
11450597993111974361
11884057613581064165
4752704890010110715
15574605601164891320
15346590608585654241
226452564989463097
16754733848832010663
1195788369948551456
17897013141895999940
8176688574874195660
10552157388605041815
13632530011575125798
2354752198066422203
9857039051891511245
4043356474414375847
5508288445733925423
18207633991849053885
7291116099380946100
179774470463817609
15172360320763840798
10251244783010291378
4915418675606468024
4961028305679080086
12637608354831450976
8182497895235340253
14524401335827736871
3813854599953594866
1260617398101742905
13741375381552086299
5731451680362686686
15374776805563009349
11024732756783494289
6072474908954985409
13647910925197293017
11068849909184498786
15244293914216848995
12060369964965903605
10232178759240837950
15654621146023439103
16919285325686492942
17862146773728285111
5640691287450885942
7512686135352982235
8991402360094782793
5458077600317949664
18099576108375546670
13075508885735856413
14306947884621128403
2447049220941945625
883321675931681851
5413392582825182735
10653184227418216700
13610697018241481863
1288770291767940737
17549858148240071672
6517411512440827739
6016814070749207077
319028283506925240
2764789731566539036
8854121586677183728
15097124388603773640
2246107916641476559
4311628824525439323
1145188734115469957
10782212871704524282
6161791437222761951
7690132285938131436
16874763983168974251
2672825116947546231
5961757097291883808
8077848110171974581
10613022960592913969
14413741792686417968
5341850980153511160
6777798077396396417
6528681344786802174
9377401340370482641
12893306859085273010
10205257148287726304
16064265453979982293
18260352939501361877
14512811171602051319
14043339059843832298
4721242180028699410
2832725383905606048
16080152369664100280
12054358638857390086
17175731254540912992
11566113513143876147
1964028843944389942
6398114487151064417
4846069744121064215
7667652776128273057
962271151294568297
14921230323951235709
12484255750814034705
3592434096270118863
13530179337782092631
14258559422171770842
8109453822214211347
3522248583184179011
16412122128630626737
15263871665191271737
17942001278764800776
3791699114752435431
9448441669073742193
15587122177469041306
7041419642614900284
17607966340149705391
11651864728857709686
9830530855106428228
3469536265562287607
15163132570595617940
1211968944741818468
886297910003820230
7674881065295720991
2144658113625126283
11317142082031807991
10689911596189543093
3952475212772020344
17989035785650829871
15135532129601228308
15126057229762458396
1576120452553222441
18181293697174459816
10826909755731916779
3089541871644081255
2285040187150172198
15728952556525340301
17734580423710379542
17479136903133109608
11321607211678116138
8059297541762597115
2537664010112319974
579113947126440319
10203212825223891932
17880043018356212259
7653088070270537422
5776870783360231139
13657760912412950565
12584216632512738978
2842721388142519821
3303004551981014074
7630393834260209759
11895903915440670895
15173946174090575253
8738029883297326848
491963349566403378
10188644882646840165
3106372276976789210
8938384962423551822
11586579646099767305
17533346331499253218
15049916669728589555
2530174887115632940
8151107825360105718
17632687117228499604
504724128641692967
15781627794159573918
16633701787331435534
15357381985422591621
14326488859696002956
13309948283452642199
9456714605546609587
13468374761125281933
6622254815321325999
4540023141728891353
6187455055619988676
13989509294964092519
14309552422162083998
4795735240792320991
10558665359893653978
3603502031638588632
15201364208954873735
500428850921131225
2575996246571321636
8603707630852579140
5794455563973010744
242055251620205254
15841736435478776110
16599915841640064447
7410540725182899313
4671338924055678384
5128457268098109623
2970185092505507635
16209198938551758928
3664637488898112678
1046558288407465994
2873269393695101900
615684475915766364
517232814964729716
11633231134641262253
14800205028334265140
13883710311599995181
517008434870302853
17603810191377526987
12925207328918527333
6066538885494659300
3972948262094322794
11707557689477079864
4631315272829608923
16772936541479957105
12677201883729195716
11500254248831706247
18131127399919841198
18431231249614971919
4989660739321201506
12133477133143004599
11978975872607604536
903067492980364170
9450942415173613837
15801770629653061217
9720800989109232523
9530213539613949624
9490886750991089707
8830162398880852017
8522828349010642010
14102784233187192695
17641570732215720535
6977200526131663768
13002844789183610379
3862122473108582516
526329184683445694
11685925862214951796
5480798743618082076
15645410231053962868
17265062086429625079
16649761668233669140
17381948120115416099
15101235377799507512
9706692438226325478
10207174604872948544
2089189898617558318
17886863724879396731
16898159483193115664
17302899473370590516
7660157917080081674
6733393810073504798
934367233221204007
12645648704333013115
2998182175993940800
2504144738009794254
17953617137459033537
14392719096775885750
8155915686452484255
17847672896279265610
4091129122018569728
3091306140696347097
342692456547097335
13093154078178447341
1335914055325555221
11967419546008021036
12866889040259057680
424695437663684096
17873568398544038514
1175116470417376604
3357071159167223745
15887929329478209517
96793244333486896
10133819758229243467
44956357837912632
1299045291904055686
3225961011053372066
11319973746019626035
1753351087209838581
9336633335044451674
10567487641391723777
14581916828146531850
18181786491544224486
16568826065202572894
14966812665669785230
17436100058030234249
14844748127054766226
7477955162940222880
11212806526935655198
4629983079549959961
17369338426140561211
4657986497927833772
15824260837587616898
6763825115710008209
10339260102519220096
4550354117076101568
12692071939413893504
18407969730087053196
2760421543389197084
4602955273124418631
14668938468702543810
6453241956695690871
9158821901299370630
3545763669775409626
15086161911348198256
13963846700531436281
6136800962413467000
1187191544677839392
15848815555327525856
17288668875036292562
14003039380968394002
10418008811571177830
7323655462119489864
4794735316848412847
15269183114041724603
5177942479012142713
13851593436374320731
11760688917742911408
2534234481244348448
18236884427454494842
11124543028579190521
2855282354802758433
7562628064137771956
14325033412668316626
1498024778211890093
3446010306884984962
8640333334251552683
11889724819847038988
6431550344364853523
13596423857560627167
1362275306302342054
13853314290130029434
18261958461054605155
14839738103342467966
17943485261451194252
6041360945332458494
5082235567716444070
289368801645785086
17275717663019867663
1104023183512527118
4165627366279881936
7435342532539956331
17182471805335664785
5756194886774580056
9949506938467130613
870599073307480334
14927832540229077046
15888906474827776301
4778442291850610449
1601122012200236700
2156317149190357800
16559503320825594491
722358657574765944
17995835384095045162
11208524362491821602
18157267770860129592
1659326452171622494
11811945213218494968
14405245798228683771
817986021733028226
15458067417579815733
1224690791784816946
1504325331529658705
8594810480445537787
10986718078784016020
7194860280963432396
993486679971733139
16035110284489342854
11415548317463763291
7530785317468766989
18425737648679441798
16108605723541667745
4606049953602532667
11141203086260655398
2170959872929020353
4198780249822205026
1453858395643579905
9635105931174858337
16264828986246612594
3053269781663311660
8748400735665190009
14457971439018421106
4203298365318542208
13508517878298981807
9661904393373759858
14019108763091308343
6445937969185483759
6013744695843373594
10350930380828445632
16405573718524539384
15349601981002688720
10830921610513260128
16364908119276799381
4078466372617033367
15503516374140068007
11290121613097478662
6393147398726061850
3429065151846015519
380489040633839593
7247944229455921114
6247032622741508174
137030368965150687
7073486875441593901
7395044890343962802
3845950608177148378
5828127640013121592
13012226448852538357
18422065658196207234
5356392186576208724
7512697324110059509
7445685778642690201
5250722082115823053
13973762162099358584
7734116881796544929
952045449121614188
7604294208754428523
13651403546185019723
1082175449878580970
10446796568047711767
8404169355434895349
5899166737819423296
17997966780051424288
9717715784814212136
428453240154881562
122504385091988707
13806224268077504649
6319002733103867268
11579236645935212936
11265697389818292505
7238058406451189863
13902745114726976037
263597006671645653
4549316142693775580
427783004538717899
1408506463109827847
15631066851832074649
1528666153724886704
4384114634977806394
18055070908945802741
4980182226405306495
13241669159557461594
4350652465045314491
15669201331845136674
21312234138435231
3386122979933765442
16609522140752037368
9601591894722587779
9583976206921465903
1172893423056759595
3819822900145173592
15055588872698888831
7787956853072945076
13585936653126780866
7276602881510500583
15569158067920105764
6028070847380664924
16691670566226450655
9524862910812712995
392750437780364938
1139960038470730541
3701512595902086273
6726489369744994391
16192424653763916712
13126151262418861018
18188502764887499137
1119518780478592801
13270778561149540971
17176858746521853821
9999740167726361647
6726940342690902816
18390534392030141150
12943832039736769049
8154734271840782952
1913897920586159873
6405051078077899879
16559457411742140611
28988793502993149
16394740928652642703
11211020527557431932
8860562951916756768
17626609387214204992
1659621803681521682
15002679408135161287
8161649623447750999
16785728962813998407
11887996887801267827
7765707431191843749
359329881005708714
3055571080798183581
611598451195844245
12709004430564196490
11683886551039984675
1107066868121226703
9671059951641455249
9887585481678529139
12454359961473805455
15996587041483228280
6943741192462533978
3264575101946895518
12680471636010534078
2568680966202497062
14661411632740949553
8115852562977578621
2617827674633051634
6292971581246266817
3074568465849440944
9383176862962395860
4764801556955774940
5300481155981723631
16674813874822056318
13168545179941107375
2044063125139436401
9638949141283904229
16711121565251133892
16806201309874164240
10416583480396749567
2289099770865422862
2982139986900373643
14182335363628438061
8465077147390589298
13352341520171563420
8289060421936174442
5308227785046477326
3666140869175716474
12893932231311229782
12464290000883433348
16093873409561978887
10921363933721894971
4885307756453337213
2324814536294087136
8286239535070259929
11198190515289770628
12436135469942861341
9099145450982653674
16289792041671779498
15086229517260965534
1825060868436829297
13790306596109256071
173908688879475289
2616631052618500428
10322770141230734797
8764469772600236534
4519703193067948447
8547414396759418202
5696383294548203565
301531495247071275
3246701956102054619
1146161425594877218
11236379636416562735
13092636984933179738
8728613464808434267
16826498746492775772
4183959369963723114
929434974356613739
14514358403178434672
16816595122581849340
8784831249439408412
8516381191690121102
18259943197937174053
10847129016463190247
7310052129424904980
155440019003652175
799607035238443868
16104705029133453405
12258138292308041162
17167042867680709035
16262628317680576947
9718738938194621627
12148682101216725617
2585420443343102364
4541759135544597777
15855775831714637361
9563589713032642925
5835081424935482059
3588883188502280616
5791749583419869120
1664989469664622650
2649411274740310368
18187822269879021021
15271075897211832717
4473506093005342433
6572333859725371787
15898069707414633048
8620459685092760750
11426769487355609869
6264042075424888799
1909748001672137806
11580335998785362129
1818506595724774564
9620139151746464487
15926042433352096529
4320293746784801602
756566470900120193
4919457950067545139
9860094336909081434
17160052782776713117
1589674509655411997
14743006099046623738
13059319174087936868
12558528797777764271
1185846685618032397
3192032704519114617
3759084112321247937
5571970371267392986
14362229676359632977
17457266936713338539
15940754359011006600
5649451912146245650
17323030480508906170
3418388132498542074
6047173557421431154
8886076787132490231
1246481345190304645
2503390584532093160
5298474656121271086
12984717284616496575
3736686907584100056
15195412096569551789
11859423349122734239
233244896686948678
16070450018025262192
14368750299320788154
16119222661375224146
2790200414501361430
2917912251992400460
15528589192449093252
9847194032568055191
6040114068055707581
12079524606520535528
9199015932501761571
15086118403650079016
8912583224016719345
11548439230705362567
17799429469724905608
17401740984170636278
1432833261650165805
5091095823667536447
1161254106326349788
8517772048406291580
17903396540033646423
5598141571734788603
9557378104638947172
392054227514765528
330055956475839687
2992346819639762829
7387161498715194015
13020463585134961413
9803508274785109591
16414453099181277370
148497370543035046
15266358461695528589
4019211641141866428
4139909960761045558
17593554954897485123
15977779070604205653
16803754684238973073
6453232509831892272
10688031961210089629
17199680541462163204
17480387260818222562
16739278257210641431
4596579112401754581
4045573270986229198
959632514759411881
17191316856323173449
13933148682892038274
12188523011231618647
9023221993863508844
7720009010102818770
9495518510710398863
11572918835361434089
14134844709969596303
2915638402370707290
707153869358459367
16431035307181515590
17993944848196885463
11190671809871856893
5763563318306557863
3918370642179126741
1543477076910517175
6107736910452162555
17077355444679396437
13304991378981636431
6923203801041671640
12446082953089439508
8743226687740857714
12311534811462058636
