1223196329728010584
9932143212408904373
2308239077581127668
1816958253677129997
6674204907600870338
14943785878038728762
2456837936933787502
4495818110495891298
1762644519281826252
14257836290598554846
2023883424761491311
10934833239513783012
1946994466490941446
18179566368768089676
16802202980909300690
4437575362547671567
4870582237448125004
10353318115517277448
17417173251015546280
12264758666841402750
10430358199438293431
14713334365289633811
12612621813243204738
6510324743246629026
16287551917843417241
8529598785463250688
13006028847010906006
2034222771939650787
11976798765335775179
15015300076222029738
4857041341936819261
13751223723797932860
16504084182129942044
12657651088083722953
5961311578104929839
3713400530703489341
9116014758114939325
6861329151322187831
9741058816195301942
16222581112475755896
1721148701878237646
16618755286246434817
15853175826389909925
11144921736069685884
1710261319153207331
15486694731006874042
4096006356944615724
6043855804133515006
6485235537902963013
841134729753458895
8534703164565295134
16283950425526585015
4819370994062543204
11817085791001515475
13249068423456520977
3720817211829564812
4081654806380956627
13911347115706749112
10977053708611323997
5820556868395348244
1100405617770306284
17464423789917502226
16982578221229359111
1607032075072616162
10556046453800420198
15982413154499742622
13780852253306186798
12096058357025545824
9323918885377685167
18080916449121235153
4221574717017858887
17925488723808315423
4349938070510112017
8429069231160197362
1649792754190379974
8902492943150995920
4724482279869749564
14916302221052440251
2315511243738112166
16556630544556515507
9923965375867383282
12376753137817096472
9464348016962117138
2578066600510789596
11241181804932851126
18129069953447379149
11782432583640871263
7681223851439653133
17326560826830750840
15352595252292815195
14205116999098652007
5205251608734887959
4495227293007032106
3283680574670278876
18058147237969209742
10083263150547085294
16636353048850583472
13860072799495503854
5413655993072106561
18204376820873873548
13998255077221948690
5852639290416351840
2798196562452315705
11938751799960415550
13033027531072834485
15013590863036877807
17737432663454160314
6395274277709188887
3169059686839728853
17659047387328678002
11817156481403382265
6702353604529730036
14789525523212400764
14487755031379703326
1928187603912464387
5002729879371431309
5256878659777616413
8754098943394620050
9391041898688670348
8950714329278955972
11865814088368162224
13178398941329017697
11067894053111713534
15288663335152308276
9486825711284352529
15970621212743241933
7979587345821875235
14558184382418236762
5481871615360690074
15105647050144055807
4295784464837911107
3628261030897373190
14699544220865421562
1442915221623282503
11088388633827268750
1139561536465785757
17795908016515731840
17055753605311347239
4286123401934441954
18079786463370853977
838600447311447796
11944993755314528863
1190243885788935566
798258286834377672
10491218471832128871
15437043680372723159
11590884059771422251
6195425637554859824
9598002784213208870
8528543677608428728
914744320265845122
5823915966700943952
18232126759320131721
10074536765941309507
5100987748063565285
9967803104733889226
2320854474762863313
12611980248669927705
14716870049049488253
14619191313237935993
14764041896671710244
18182373744074986145
6199450783528183289
17776737362756758480
11711587842589931013
17830586825445123471
15287261682006437916
4959608204311038466
4644826254469379810
128783234475540160
2143298549723794961
17513852710832306403
13634141159806817147
9571117313521332601
12393921252311648259
10310263775624594592
16344518342998849105
13963364405712486516
16985694174682484184
15689170060120194889
17477802954872650238
6000993410419690019
2518934223439908193
1200749548154556959
16369910744952940284
3827956940051101259
18032026035026228680
14513746058123525599
13717040658359347567
87777849775013407
16852245375811398528
9310700606528001098
8857010734385894102
5993293634709382900
10234735237619488442
12742873443905565495
13761210077233880755
3604100348815024231
17405293840072099319
14089953833415647041
6386727013730537818
12381452803257423486
13901686108960113896
10775738869514878144
12084119929548525153
4371287523264566870
9731644840672733980
5936861306421562040
9498703038362146892
417087310880393400
6795244512415056832
6814708382531918141
16280709420040063374
2981281306297013395
3350103049523957581
11273867657630034859
4333446239064858751
4964324298987818431
276321841172602442
11416466184615906056
7952069810952767735
13388919895122690387
7702696257132943525
14581680639095297010
6563816649668982317
14589632539968113515
15591830284267185540
16880646828205056898
12720156499694163352
9731364710341153071
12508710077896972872
8677891375014111731
5136570979350316411
532050529530499772
14141529834637474036
10109777126125471149
16147980874024793007
9557211460464593827
6901142911844746647
13455134623066550548
5514106960086657303
16410292829906040628
9317196518321017740
11993815540643647921
14713057256760405377
5291933693305041557
3026332612037436997
355783125662962891
11698942784540385126
15613368071847363129
8191909457829272328
17376564868543473563
2518500618165834085
1307389446867633865
15039120276237876159
3176544624615646250
4196486172027325355
14335606639983985520
8002314134115915641
13582220208932671201
2655564700422911486
7760323190351479806
3162243854284221923
17664174801424726091
10168770216048384153
18041614462556155828
11911694358737428382
7071287812087977614
1484259210806066570
5704929433603741661
17100655824290330521
15461769932110714339
7017453047433754019
506276798754455720
5647993480060876649
5012627107801504739
459589345699204978
16904552345695271845
15905570324266263497
5075218981764742003
13657962525145465651
13385419272821923457
14958089451218321568
13920761408990741137
12681727647747703501
6938332762238126119
6890418986033962359
17440768989451936461
9839672833504716746
5832039711609999946
13525881032004118976
463399467867262135
17796449065995575144
2619075263995956722
10242310849760751961
16645584505176081643
18242759225048496124
12427060810453270247
929787274037339476
8221803182369553043
8036500392491721124
1364985973410998184
10906543991479806366
14389454962533249670
7711495789164325549
17689104648958161619
6432577796004682471
817446804769755905
3376116232960557805
11422724120261812501
11602654173820377287
6045595622023778288
2062297728615265205
9878493408392786639
1831040576860387807
7760966257685810328
3680841798136635810
11775894347179812782
13640391421463170127
17736583472167763446
17675481324033542208
1327122911445278075
16339001247783175032
17959278670445318018
13429789646723988804
12811223617473097615
5738407219038986609
10748624806858791546
16604443929732970788
3248811416679743336
9784386183337955128
9309689018442455294
6268181068018291877
8884585318527835749
13358808829016063110
901629158326396641
14646683669894448997
3852518584578248502
8897930561134492468
18189870179935654831
5545141703037447140
17857620432372889020
8175617115436368919
3517378605209360318
15677114627882758730
3774158942287221857
5696096732426587604
7762910333009639681
10966808859419690983
18133535988239581500
18437164136021795671
5255118317971087095
599283345303181073
7788861371793467405
15014023995532833663
11741114640953327600
14418097002105434960
2545470491442816954
15739686828262391315
18163936412528905801
6215816945221557978
3849275421454932487
17931739799023106924
11257090374851419859
13444042361928058865
1065372690311260532
7250762313120903402
6241854776603438271
11628069296541945456
9934542577527307059
14073125323245812170
10083539438959509185
3663302146726854026
13492290114940799314
7314151787312353851
643193908846095990
6036456889143194380
11924625915757920348
8201654575035662865
12612097155234782153
16548974815646866591
240236981609618043
16198388980001643603
10225186404414958363
1429984359990017269
14838771134879494195
18393359033661218004
14625686705902274017
1691605167129933949
9854235148060975921
4742843701940939972
14933223864856300541
10488628236551514981
16457704336642666464
14237831225833569932
17850924627520865533
5361560871451131725
3158523016487064743
6674836028562908227
4154887201663532582
74996557366046406
9679159358077414004
5578412825247378820
6208859589104951314
2224775814089884691
9201923789914715251
4907730835627016233
2684144134291950166
10127034090111150091
5585290254396254756
2247500807442944321
6933776042041556373
4080505004219923238
1084027296630321390
8962994260352265286
15649089739769506825
6411892339094358203
11658106240477145502
2519748134270423735
9530533685865737992
13801388187630857213
9740364026264056045
14351788741556002297
3640009643670599717
9980762441357285431
14572710263036897734
4263905224760901290
7208102960036201786
1042704234498518929
17825757699553037756
10169052765873627377
1298837624088485781
14582685528084951703
1430331455962270922
15673522310530986275
8642088378099545649
4163908961441566116
16127191109656920370
16572261937665398701
17451226017784901237
12790256570974209477
16542008708738276397
2353921301715776842
8472917922489105301
4572939075131469135
13226435848952311390
17730003876126465501
10285359948550757160
11573885119820099473
12989546606199498611
1608443792144546682
2257593639406644098
4893618017896267207
7080457766034440898
5191124760098228098
5407932480277135790
11270773580160830220
1919258947819109273
9294330871297102578
878189428915346765
6022779862081764039
11259150885856223782
1146842066586504846
13325844867068842400
1817464219474763631
7627430240585291874
5559821370449251769
3299636474990441856
16501910012800080673
1368634499494882727
7433924048208985307
15040927313228593020
11901810847944897680
7328269631883093192
11648950525837941876
17003395486988638905
17761322792680361155
9691133857982564488
16906566530948836808
6984791788774489461
7843828912909393495
12717359209274983395
12056775887656853262
6054340570523858188
14374681690989863157
4893479422277567621
4951523694073904718
8413867361288766182
476023409587425235
9516738072558521042
17385882093275548236
1130244586668023962
2549866346729946544
7237915229367592263
14038210206562057060
16775274232445141197
4955021967981834900
13312115275990392789
1018274464687899900
11002421171317048219
1046747182441053993
17844160250165495662
743225154027833166
7637507787062877010
222453630333476084
11125079222231859445
4324501255418250730
6839624738379588186
778779598522677856
17877552460425716138
10673784745971485179
10377572174362528359
1245236067283970296
17735167663760760253
1599534639723221864
5372110734077665231
6836468191355682434
2309721685452119818
3040291102067647896
7098175596779758244
3619648888263615658
12796265704508707841
17290377520533391152
14794923785253454531
551441770815873833
11887465223656296013
10268410821208786638
15969324486746768757
5507290636399530550
2937602664979733735
548517410744040401
3615643864031269333
8492665726836036551
1994358965569671630
5524619889112228995
8029634523967107532
12656045447614715984
6994667629699015405
1109133078416339534
5053780580396606079
7135663653974562402
15502853763982391037
7479655794148555721
7504846024450182841
11018584196702887229
13225615167172731930
13979921264391026663
4671199967032335538
2342007363777763719
13545346896686279604
13669007294783970849
934824194474642799
4353269879401977856
903355219265274317
705934586240588120
16951100769971687604
7442884545915883833
2449993473825427701
1100056158081307096
6562153512319924184
14705418079876800585
6022663116641116569
10600452952373702504
9607757341296054460
10119665117547088496
3710554830854976161
16571646447013290811
17715547577626581429
6318176194641418808
4058356625852510843
10620008836514597050
5526962753721499910
5027588007214933195
18285469938127323199
18061931207644840961
6695271461289836131
4989171406122096533
15949578023183280287
3253662608830089173
2434455393544957448
9239575391894356783
18058735182194761883
14689662605898969984
2160663301483260956
16057538539911894253
4670539170835262646
64383465952505621
15611988778193779122
4735573857548335893
14953771322787919126
7377981097682810162
12538440729388261827
11225370184982847603
1510282604163362574
14733483804427080096
9970132181517134588
9444670868605872139
15193119900046302169
2309844364249990167
8980501107837948348
8953852198237064723
3972325694830891284
7543985800184418473
2744087365818767908
12157533901719035998
3307771215434742809
14582162647416494796
136849667324512164
9095225005351276405
14878053280754657250
17513451427464216990
488806899653862755
16688639949723835426
10261949092104137785
6033472142010616002
1983751303156847220
10768396017007720317
6553669492851762321
12770896953093146168
7042771924041429711
11850541196305216241
17342001759979030267
17522237145341336393
2955416475072969296
12818216127846754956
3076586249039486529
7267713269922523443
8843834041260617305
3517466412880958374
8853392291716085632
4616857150889406026
5697115335153492204
2959796772292659890
4208265522966903777
15507240900172897193
7885454217059198242
12302412344260239557
10527686430216727710
4892383795675593078
12744418429914861144
9741945111360624562
11857433774389381728
12481904433285931430
4811349580811809619
9057681181037903049
10986836876646941340
15216549610500934220
5864038796237827156
13727873142032913801
6958840909101249854
12272886358543410100
3302019209157230005
5656315555144269089
3499874250593675205
13583207492130121386
17536057487844870568
4432292907174980585
9012866749524727142
14413899528225993482
17996362282851369719
2910877957505398268
15326118115705369463
15543234662891884371
17435108413724200041
13283334541013340898
4092395830874820197
6246401047409185226
15974856997674195449
9882133117494780167
4978151940912419845
1849364613231699077
1157022087536949594
17619909055041710649
17097967900322631686
16107882673664227891
3379017174781925793
4017040489195197773
2723129828153333335
11047221459582410594
189150122701776034
10149899524141568730
13843971638814746126
6138735693536322046
18144183365603406205
699426982289917336
8051442431717503867
14548959662312109295
13766298045784921424
14710269853343856012
18120172883454699394
3526312470561204364
18293291348508546154
13906531138411822546
4582874866815511070
11426759245494842961
10921584074862970492
14114746348046732510
9120505285604350436
10210018035908314502
16914117168315780849
2994648032674422523
11379928107615276172
12470334754718257430
5004219878396333771
5223173657819532304
9856760539511984946
422536913240553080
14135006430486590698
14153953737922740787
11005364434924944674
12387762574515981821
6607088096697990501
15930812959663647325
8693052883831542145
9693807449729629665
12228764300146713109
7137139760881107811
6867141087303913120
6240610665871380262
8232129775756652973
10955908285918034168
10118596378409321758
12006601749716559296
17530290986606875459
13482525446126602851
10568617666928833044
1794754457141069543
1433750136748020819
10167259654978322436
16060706662446856265
3902383663529172264
2106049269776504695
6816104571469016456
146098748701059051
4361181914116233414
10806349636612675595
30216793260361703
11718824033148987853
17888119875865402058
12111609391383328988
11569129357846451213
12930595431131111198
5602289410319489281
14787654652925388886
17509127947372470282
6152078199122306103
16422212973867418683
17945859955957398587
7885734013230131110
9265811943763865335
806926032952813813
9764185362947648685
1787712506408471463
8897610616022239125
12912517513479927592
15303065858190279654
1954606167382446355
13905336242063041777
7581634247925093517
2324601626938178721
4750796632794345268
3205209721387526205
9739471421268350652
269480649523416505
17540602107210536979
13557007908772230084
13642015158624647743
12945837997503282457
14769476307988407034
4025871845540084005
8428310929096403678
625157257589182720
14720099974782197278
17912792307979656284
7623330235422554795
13202768636288481038
8931400419746329834
11095972796568077051
2848831698125099454
16541332071725100822
18325525950934213335
3617377455260981954
6201086836163395424
6526671757921518916
9534745811656665471
10518708561190100508
16309843580018550098
14038033560751254578
14833098085198958736
8002164852363221300
10027930664062701003
10431459045181134981
2157205712922952452
11708853652319010281
752680810543159813
9607117874802629242
1315729401863206587
12558589442029372328
3561215090479320745
510123964977795154
13549494895998686406
17782419621760856816
15561143394062063994
18437531708422132289
6844434631964619786
2514853201000018254
17366015689188663581
15046233830308765978
8713782836065354099
14872107867440762308
5921143310335167561
3371172092257231171
445972576116073157
17898176606671055302
15444231171307173431
17368351364006974914
9258824380874194391
1639623934964690195
5647357967975312014
11113612894226559237
5751190084235411489
1647952630783463563
15178644844075165909
9230168161060743871
8779996803698887312
11185735377361488571
17060294902816221674
1141932285107896188
16088226915461066505
15015508335899587630
13951698371477290697
16136459748128564940
8685394118279462941
1207647844535988965
4095768513251067651
1892379500805082875
2056144769167620247
5971369469584019667
11990413018002678252
2158152865371308296
5666451379445288697
18403106815355158645
5372294651865385513
16722011605858941914
11581575222117355833
15297393115446679429
10251512854817316906
13676590585424822727
13974602526355288773
8660988720779790494
9623146736411271928
16192668571998316938
17692426570672892586
9583763747963583669
7854489502004378792
11099153556324247183
9532139724888489116
1768907656876097962
15893234132405951941
2772194852970739997
14647875717509470714
11690693144234010020
9201090332304402729
3912366392838168556
10800066893244472146
9415350686509464846
12088064125448114162
4387346351845382258
3169846369257532203
1820828832885608766
15558531955018351321
5166863736051105561
3256118448108430286
8147585632354432452
11569840861674255120
2856401142605122811
4290290484963553115
2829273306735950229
12104789312020162219
14335598903812837620
16290967267338769359
1125248701564419897
6762180127518875700
2296694736035830245
10299665923933525284
5084263376697279554
17231783883551354926
4680474271461003076
10541982060223622736
11173789616374282587
12148856458037059543
2130930821374374895
9863196700209962090
14254240387630039040
16103701578042489412
17922324395162112198
16736760725966162849
17336567718979112981
6974418731271604064
17703103019937424246
2657205152889415811
2127776068311830622
12226063792228367741
110001444785340979
13421022256893475529
4477782045695712075
12011884375829785468
5832491236248034099
5566439999040595728
14255434684633778719
5126130757262259221
8071901854294526749
10988266483477455755
478465775536104437
11670774564638562814
6428231994905275433
14539284062663168613
10049424809924478012
11109940408566423358
14360899003611659528
7366635253680071265
9470017925814356912
14643079269266632836
6478996762719943062
764207156928897261
14434597374632223058
12784732248602109609
18245262638695155213
10658722747309115447
1865164910966029481
8956335083060334597
16381239455233866962
7085962077152215970
10975821469137056388
10802133777541346226
13338895361064363319
10884901293170860862
10989188436221048985
7112172314816507820
12656914876147806988
15196932681160236605
15551352298691528853
125584273360834677
18096236741602541698
2400795268314132317
3477032811219205386
11703473341771941439
9525034086036291724
8227135243013504702
6597783399107811658
13990208477286696927
15783688868011745037
4098526463652548146
976275836878297311
3956633323683959895
3765609378465736392
8164429308987793820
12413153259766128948
15465454514702754971
4178138936859351926
7748013490812955493
1799605299586369603
2168045358280511108
10238196810635073612
15452453628922559440
2314026718688610430
16997872293373956574
8560264762814972857
17699869952821826041
17307066220708076521
7695505883519558183
13095842526938774666
8846228038669963734
11852660601391117336
1846840016717559079
7989406644751847920
18176215803348392292
15280044795112592716
8213934385201424180
16553505328870403996
6268978039735859266
12868059246586329772
6573076205299512589
704365436601290092
3649404478342901610
3905362469254159212
5466363428523303594
12807951139898201208
9905368521567839473
10761119103484818126
1565354533343957485
16524382316424912459
15515906107604931703
6066185781325246903
17513562867502919740
4549814247000179945
8624052168945108596
7833516899215066123
16425373135448989935
4654540858620185327
