4507706864010232292
6878501155028001760
13690645416699279390
2313734815275281854
13918467305929480552
1482413457734300096
10985147135206918882
2470839557562770847
8791775312708999598
10518091169092754435
2515487818160253997
11477095726972735840
15630139016533342902
1349924108475341571
14792638410696321141
4491213331747823782
3902659189867964015
12430142490288897207
7577673887353690388
2384081191915647936
11074601498506803972
3650862822602683690
569409725544271500
11398696680846628367
440004344289323499
525532633640429921
4890222579956434066
7990367051106305704
13504465442254877395
3762649470090300648
13386082537021253142
16142565349462985641
6457577299075402295
13607378353047981068
12124551503591031785
15405480991872343444
9216468305022234568
8755007860517181830
3264949708719739650
13904423226764034899
11629953557163958632
6554469490507425177
5744103076047993293
13162040846735845729
1479129822838837902
14670040613495003412
3781935446953862878
15233950919503639275
12414287760058528126
2626756642122415186
11709544136792576434
1052298132181418708
7376240673753727265
794257071776733216
4705473436376849043
2153819869176375050
4938275557294541541
16319364590935185766
1293717896260393129
15851709474178484691
8127067223159993188
4507322648982771603
14776369582935840454
15501827489156643999
9719794181455465225
1804968294013216697
12560409305477597445
3373850715447950253
16023258419833966000
3912647107570416597
7651719272054622189
9305558912850592275
16589925656043476589
8231407564798632507
17541584486379661221
15170712557827476951
15636570759488673054
5146982263709627790
17779937330986376394
1007800650351589911
13170484604457717769
16527824740618247392
10281413610462872767
10012456862847548215
12450524392877759468
3278326572767438248
10237674734188037090
4281844227570500170
12518874011601312147
11033103941440068007
4048645620511193637
13076884479132638626
5241466823993457239
11895064001837759832
11760960559473260954
18387288542991849171
14053138194979416158
4116851026042748075
1089223506906163202
18072608700408558434
4647281470235162558
16896877895022407373
6712625787421368567
5313545724252972774
10206407171487259063
9167467099647336188
758855627564442647
956270397553290061
12927526645617950665
14019347757232830367
3019347750416745178
1330356593091075692
5089418525866077792
4403585695926525932
13785201253754574064
10932446208851124911
6498609130665282063
9487116316844543069
7303894776698897776
1904673997392294452
2805058284663365975
16269168857566745730
10302828117314548149
8973127179657253495
747095819357765708
7994970524105877299
17767966811038248238
13045157896918283708
10572868102200648804
14661822578136093821
10222233768192972425
4210251379374147707
11011962264403847351
12731733278314119300
7893073745506338596
1667046080549812504
7363002414524896621
5967217433733090266
7689360452270686795
14506637623464772825
13385693885052617578
14830882587922986819
9474065775571368797
7643845358699020472
12966407432843296084
13898610507246907364
11982579890694585190
4724778423275567889
9053578118586029781
4992852871002182194
16807611988822661883
8280565171559936779
13809791446133848698
10657420428375048272
10520380536608157882
11162508226911516497
3111195871278552386
149624668807729476
15588986977475163235
9305919388166633977
10842826955310167434
1469464041974941973
16796778053356747006
12134396533354798344
9237644803886099752
10800873380939251143
17993019244573529431
9344310095077938105
15123633349092892361
14442969768815154818
12117409498605415431
10566685222659148231
2936351611994220169
16738786392684952258
17383954007298275650
7840514534594406912
1280596383550419629
13015841990194832879
3499249942406255607
5337738320822252289
6281391950057145830
3069004695425172910
10469060173418731844
4021472362807197103
15271858925208411535
16139078939909732613
10174245147778576094
3538669746211194916
13773811020463607670
7310868930220140085
10723979078149746327
9045187016483094294
4419024568652484749
17978481421098054690
570347335609310702
3395381389772861028
13603901171679367575
15361558599777272083
7541101773732071138
5369563711488978729
16218115950510404507
14876559635407404158
788317870764628522
12036040574247464521
15664136209764481326
8464338637881906344
7674387511707851812
10653241251457809236
1168110697087526849
9842490875368489403
1030792898362212325
14162592160711997579
13038914912073427258
4637804716939821421
12866766428884923077
7188909034860764224
16864728338652159672
9715684620972696242
2664193075859421241
7121788445808226768
2522872958738225013
1206767799670445936
13463605249860980962
4218270489669112600
11296006282451353001
12337978888375294335
17618605867481374812
5688624796772767948
17803787936239878079
10721306521505454136
4895564533612865115
546231866329386920
16596587856804939716
6477830331926618977
15641908163666873168
13750401517392049329
1347733057139162921
18388872858214625868
11903848446905357101
14486585895091627345
12343837621651287731
5248499618140963338
2572133337851573801
7731328516739590513
5491464445591662782
16189805578068712420
14045243265092018781
17316531661471630032
5675074756360005539
11787562144166173409
15283441133508885735
3579872275236640969
10037478164207452178
15800658066724441986
17909061242283385721
4850316632549176595
345641365271026167
7830473169418460792
16246537735320417003
17240054601999419086
9887199507390574549
15955297206020690242
6330759632290727235
17302581982219471466
16430601225671727708
11255191747220887796
895669280297298569
7911730887873062578
10414104283088910156
9667470355187901260
13007160511725742142
17427461141937193653
8683912074732000382
16725768382795972872
16035511908411749127
9418470072826933862
16947235209734293875
13665806177537349848
3146880737330928725
12692178210272417346
14632582398403197534
16388399416425018406
11527147549692177503
7858183333712984531
14140126989790474301
17918596375491554412
4753620700363737954
2445738028381649361
8233838865183900407
12465053114952329845
18020888640600857913
14394827190770685880
15960923890959948792
3654797859165268397
3166933564380772320
6624369387422188695
96347109244335584
11965883759687817277
14192197953829831946
10275823332548697951
2765949947128872316
7419511895177154964
16813582731468008058
8956964809250384302
17745692907176296344
7801128205569455273
17347812265713069045
2469492276198264307
7690837176032239423
8720115439248185615
18249887110416185841
15129460212596614942
17419851268470477366
11977508533336969188
15905558046996807983
10550881109856116772
12235163665983753521
4450256635262548582
17488670179667488695
10872517068824197479
3033750381752095371
8618452860768434185
17914506026034960924
10715474368195398188
2036193045800133742
12816942580292690598
5814599077576644715
5772964590003661980
4677454518236314383
9483082484729966168
7544571949357145830
6301768427538850157
5241013551763024825
14561126200207363071
13307351825212737935
15840918549923030550
367515507706947722
15463274892896834348
1522689838711846589
7220792339389110080
12989359679400845121
11470249534364781750
11123200213619774333
8446965171290312426
4631104138733705057
12147718413108419066
8171085285927738376
11090327258697652758
6816985156226754858
8314236440134587082
4835043258249443594
15142585777702446632
5002889624423008354
10817712650243415080
17739041935247574699
17499769806080461551
9443082822856331187
9247410259158642292
14273982897806580618
15332299401391623680
12680519513040036637
1496401534911341679
2966187949521260408
10164402742370136729
6313308543613972284
7835989853175591455
9987704161798889974
5590044793322000089
18262747390217352447
16851342479586378638
6052146986433345026
17691137439565266778
10776817120369391620
14735650313724620394
11823205464099562076
7821090201812179103
17623279631534147298
17229566116018834970
707755607152404639
12142815794025754242
12581858047771441669
1633424284783706377
2769000348360065958
6467929733458622154
11256234348626655959
4026342931167737249
3422506911215343307
16823580272817769433
11816567691568841257
8464516909403723775
7470505580440149682
15500288550519460947
11179697289385193374
17616211552047478147
6716296313812470763
14526008670702613785
9378655521695976593
8906756209196718959
3379935254731402146
5017132507583103819
13469811054095205034
11431797531043685648
12001194091478595223
14871787782841971035
11145185034749846616
3848153608990789983
14831838005462589559
16048317851211400578
13581197637852102446
3528066943582641048
2335238878183655340
7022189411224349815
17678678941183481823
16128275746225666723
14935903108583229332
15047952463529649087
16983575774833070625
11579235635283261115
6166751702508241777
7743734452459858983
12727934627023616299
15444476073072380210
8898020382496132520
4250538315618136897
15628225080782802243
12325666019056688611
2121832366765041044
6302056189434350
2368892754509414671
473150869405566422
14073522614746307146
2178890844304114587
15936967285456893015
16826042344179965242
4175666808345677185
2949563284377068652
6202208326607659454
7421551850334639718
3387736155932330267
14539919970924164509
17416890293083357887
10173761212092684789
14598071418947426347
12833018072771988459
12251051803018203729
9064441474910401433
7732154391724915134
6855225231577759895
8945190770630374507
8007451314308651180
15845082237927599250
5006728051166911654
7528354618864295263
7994090817381155970
5610360936880986633
13097937807386321107
11676138232206765733
3400516409793292130
17706388325391860556
11019693711437424410
4134327297968238055
14168137489646621044
4491167923126821702
17587237641126549381
9302971294304447994
5245155407615079655
17540849531686278452
14197472483760301626
4076585003155794095
15534748035139616401
18409952497536108945
16312630137672704190
14441755263753439303
1142800201240470220
10803096142196942804
12962568739653999607
10564916073052630267
4374098232115861626
12293747144772412366
5841245476173831381
14783534108148410670
15527225998722335752
9080871885895631578
1353142145257565734
764219169713448633
6305843974713760670
13034898853200723802
5608709918833157770
7159091356376566151
4574436341319197688
6653821085415889647
675883535442056995
14000862375862216673
521799394826058172
4359723145660949471
1601419996981646869
13914811756917355509
11036199002764411755
4152260118697380507
5902144966150917281
6057425390813217713
15668208718488037675
6967173369856065279
2065619215723887471
4053417626299497264
14201118578546411711
3704289154463393072
7209544775835513259
12045624388896036419
4022747748591947788
3796954025026768213
5079998247514413521
12735184388154393383
17654644497116750985
14602793221135257308
9737727996376221321
10201036383234083693
2378548020226772840
8045460429407134267
13073576630949005539
17046446821984154852
2017734460946082222
2576610737859482862
18066024653645437423
5429913324230134237
15045400382786849796
7896871851675730264
13449651478876534082
11527139069302184572
14995547156049405581
14862708461889297133
4508961141265114478
5324981184652402680
15791589082570412201
13993186533056245916
4858501992614405538
18133060849108946150
16613403710241394427
9745039688887034077
12486312240529089148
16272157371253798511
3552103767754184730
10059946282352944555
15572389726952043502
12840837445906277428
17317622996246521891
5553387370076847623
6242636776424690658
11028251204867048578
15604551516630969418
9521884707997741806
8409989744940200178
4025114323124796677
9792270536894060367
16217438989268567491
5236244199522182336
17712888122227497905
15725628423830226395
2933439543488154990
16558483491146659293
12680097319643661992
16242244081566030382
12439276527020720251
203754404134242789
6660502065984282804
14099092048133167128
7526790084337534650
4208769798874063056
9704972231288257960
5016654076954962355
12797800354190049654
9691032344052818984
13070086907903877073
15152211801233099977
13656087636336231313
158315425236918058
8613578739977619093
10723017308512946959
9562774170479016513
14961060461883899912
10044854336427740981
17966806845721368861
16331040180193309640
12688406908292792015
9830298042790039265
16588745954454774710
17377874702313546049
2405060019177364200
3030220053248025407
11186266875862546194
13537321273952729173
14322702592640083160
4915397656692017351
12232510991992095847
166910594307187824
10732574042627021547
16563789304267792521
15013658654562166346
14208948833353783874
13004449133587336853
301469052559118218
3356232388197785658
13207182949907544663
8238122741531029627
1193981797266730790
981080908009413416
15729574055639853443
16248126294621295544
5722499233395612536
15005994500955231110
14696155214946738325
13898687954017145193
18308202479093077575
3044340906443640111
10341197671771960475
14846149886778670625
8291207374448362873
1110048335495531868
18254241357544236636
11674730124108438342
12874406650986267064
9137284232927950037
3166122263012642593
10616913673634743941
101231376557052494
14589522414141714827
2990848014160619246
7749031771947063440
13304074813794718366
11471185277556032581
12452999632093488799
6209115698234878078
13919696506550120817
3291232685379152597
14250927106670550466
11863079268908807968
12433706011763888369
10747422528914349683
6851850179515019628
11381249684372637198
14764239497760180443
3577994472588427271
6888061729022374542
18365582469311196149
15091403838012204722
1065122119431207604
7835721738347940342
599682888101247135
8313214536912596675
861427880050876690
52705876314299056
10764388877407531065
9030849411709270761
10455630629559192927
14850039418489402983
17225183879319524571
1553597917160715553
5684271517423110867
12535028214047057773
5546977650706448341
1595959512253057579
3360791891846767626
6303349628298182789
9871718813455375853
17750823059051936446
9065297314823206403
16630250071017626237
1322430329284562289
2346249030954764603
16362432486840115321
17215358492305228871
10721873600116629120
13777059006385516359
10058966360030018572
13903928658843397245
4319540393988591500
1750213360327523659
5523930183000695731
4426273999878914689
6237304899425561310
3653795256956249551
12302549859692691332
1834340590804116540
3544927269679941327
7810309330131884881
15443546459106079978
4863540487942361959
13548952372562221967
6632215268619854544
16717663733293292081
3721619037613856900
12912134681008536951
8698557848674964047
16662835562422882413
14018006197674719083
10446331443224756351
10130465484542605954
11834367112061417237
6382295682446818370
6497940497490507714
1022738165211235966
17626259193785970095
13088760157050712103
14537525732954786503
16508216952556533015
13822974542978360254
15719172649877987062
7627916696884638679
2398692215065327625
11831569218378278215
10696861428297414819
14557475612907809447
8091299197771388031
15428676767660644126
14603497735894938156
11079848489211771853
15545624488899410854
10304928863649141554
4085784046724237502
6473927850342658782
2759985031347872003
13809866645734485311
1058501565139260553
4461700074590357850
1836329319651556197
13371956303622860465
1761485665494903724
6388933034796620679
5687982683255969085
6587909822097037918
3107790618306586959
10182689832420931714
12691116489889745278
6648619389303723040
7155068764036713508
1264119561925208766
6355516071239256465
5054972824326471863
14164809429913670066
2930987068077964631
5936952047756313505
13816389499955703718
2085388510356695033
15515246467413069341
7106444886156546944
6361995392185847347
574668464522796814
10677601886655513497
9315339066028715963
3925578072012042004
17284906672422242388
15530593987051281526
12099114187952322646
2179312029802393696
17341082399745089232
14473753863836478533
12938488389506146450
2972367706323214916
12973282407283029804
11461791574482515295
223105707807397964
10504306630437700757
1288296581648803573
16277597190044077827
6880911626663954701
2528297640859224065
8073231424473391424
4355007946575796859
2196175274996055204
7659737960070617133
8678979918945043893
15422480665412625394
8556397774557049750
14943725506712799218
14200032216664098770
9305127732717207668
16781236668569758041
3822875344860003682
16365643547607579665
14967134801519691790
5437524899866482558
10641225357104020356
7615352587634897449
13487247845361763757
10794245385852537691
9027997317497696014
919350316896139368
17739675564062805933
8673651112920021461
16414108946309764147
10726926134601299405
14266646142020258759
15511939107384753925
10286652107726213926
8738489004943784883
5721475530915686214
12552319689340864956
11946831659939153598
6136959286267566600
425826395530114832
4219496782504963497
18157415248687160533
14519831837060114879
9005827156402676088
9446464444514988435
1101152526050585770
4648693327938660758
7738423102695276957
3130463600380551274
7562226489825807047
11899415605885624016
14154382254412911754
14813992658281687637
9235557863258705014
17498087673598391959
18355921353457631561
6310584508517285270
570765634515801909
7521614539047584704
12428271087547005021
8525800330041219158
17467795418196685516
3728219831081393563
8225828104242581834
16990391052521969335
678023089229629642
4265066720722975749
17109708454981318596
11082407873073258148
12430767195296464577
17436099723268500604
14390948370932324117
1772529962455413246
9544182051871438800
14514193183881025383
17986147011542292188
7600060955837612716
5605784559512293382
2726854622734864484
15184209694154802736
10677064870079844428
11057614955254487737
12045131564458628731
1071316350808551030
10080825407122650665
18213484252730585669
9736552562114667276
6609222899067734420
4484018067598883791
15041557072638718770
9074517778772387277
9302594145634569803
16710686269658788482
304234682178106901
15863021072031756311
1229230667133673848
13891254832171809721
7663947580036045205
15337886339167466965
11409694594988069800
17825566074090143471
4560383526727833979
5318982606616725941
7753468296929564700
800565502000248784
10744211839937220538
8944693877700968590
4616997841046923798
10188647210231424990
3543386062961647072
9615922352397146708
17792668409241933523
13651117936585461579
10650683478264690279
16596017276311934806
2311873130362260692
15071585611047808173
16195635409859132280
4311240909644837195
3714666470368311739
9832988435398723550
2264210103664308119
17368000431416623679
14814171538625079582
12803975098939123224
11820144595002336231
4550918696569642471
1671042916627599231
17317889677164427018
17060923620143040276
10736136003938986189
17240507275697476898
2261036830075767667
5093932810345127367
14078659779724638352
14881278809172687875
17494785939006444914
12379982084261969406
8943253052405740379
17123696622027299966
3539594369946060835
5491361992975372712
3144263359980323867
7319565383248236299
5865359215580723428
10417181660289611708
17813990339438121999
17518201334898073210
8158618984734779305
13723669979294086877
6832600718870132321
171450202645524016
4738328699198706378
9084890859686326147
3643553889165487917
13351132671073844257
16950730296606856688
393527574411525358
13556571129828333020
1844611740422616749
15297054088881375822
14132741254694474188
8411734256491326850
12529585500081883163
17574397881479777045
6684776045215623438
5284106135218340863
13808691211515799155
9358779637802845343
6794835796350046877
4521785249685815107
11754430745650792165
7558094844643351717
8003161251853044488
10256687391659012139
11660250666167995640
17645198438397365346
14056463964837273591
6114165039503894134
14656320358682813318
6727698341317259398
352583257360714616
14202988924965333150
12636460068516285180
6751457333744451092
1159611489502163908
8208249113961329847
15367772535887201207
4008703576150197192
3604133265780455566
9919227681384799341
8932696535515250844
2130453623564977274
9346239397400514280
5486329347925268084
8840349487197093860
15952644431655196585
3023192568220924992
7191760283447368177
11295882891895565276
4926126107288594617
5173802436602068874
2279958442809901170
15317412136332265338
469475786045377519
8311344561822718458
14464987573299892336
1319054066861007029
14139368428093487582
13065230741225926057
2701006239497522476
3003225079143974368
13310424223004472009
12852076321309126153
15036739839590918827
4909482076045988455
856005677390418223
6243356948201262041
14567865133217216165
14375636349711766963
2749424040199698153
13654320190829941208
9335069259315334466
5692832293390685124
16878179684803150904
13478598448152587953
3922024132142973220
5379543160463783852
16372165966488363182
17745890102828344927
2175351597012099347
11026230882033190425
6535819079243829877
2706553425294384170
1710148042187077615
15351622462619519860
3862309955712785221
13111674252693188836
10643190487445693167
15608725672093745464
